85
86
86
87
88
85
80
82
86
86
87
80
78
75
76
eoc
86
85
84
83
81
83
85
84
72
64
71
84
79
75
76
eoc
86
86
85
80
98
139
174
181
168
141
75
46
79
80
75
eoc
84
86
90
126
177
195
216
211
208
211
190
115
40
69
76
eoc
81
87
118
172
189
198
205
206
198
184
181
187
98
29
76
eoc
76
102
151
165
196
209
194
196
192
189
163
169
160
46
46
eoc
84
117
159
178
202
201
189
208
190
168
156
174
168
97
27
eoc
86
131
159
186
224
191
176
199
183
159
149
174
161
112
20
eoc
82
135
169
200
212
193
164
169
165
158
152
172
152
104
19
eoc
80
120
168
198
203
192
182
175
147
156
158
160
145
84
25
eoc
76
103
157
189
206
197
182
154
145
163
157
153
148
51
45
eoc
83
86
130
185
191
188
176
174
185
172
160
170
98
26
75
eoc
81
83
88
134
182
195
210
214
202
185
177
115
36
64
75
eoc
83
87
81
82
102
146
183
187
180
140
84
41
66
72
70
eoc
86
84
81
76
75
76
78
83
76
53
59
73
73
73
71
eoc
eom
